Enterance cnt : 8
lenght of path 53
lenght of path 52
lenght of path 52
lenght of path 53
lenght of path 54
lenght of path 55
lenght of path 56
lenght of path 57
395
390
385
380
375
370
365
360
355
350
345
340
335
330
325
320
315
310
305
300
300
300
300
300
300
300
300
300
300
300
300
300
300
300
300
300
300
300
300
300
300
300
300
300
300
300
300
300
300
300
300
300
300
300
300
300
300
300
300
300
300
400
300
400
300
400
300
400
300
400
300
400
300
400
300
400
300
400
300
400
300
400
300
400
300
400
300
400
300
400
300
400
300
400
300
400
300
400
300
400
300
400
300
400
300
400
300
400
300
400
300
400
300
400
300
400
300
400
300
400
300
400
300
400
300
400
300
400
300
400
300
400
300
400
300
400
300
400
300
400
300
400
400
300
400
400
300
400
400
300
400
400
300
400
400
300
400
400
300
400
400
300
400
400
300
400
400
300
400
400
300
400
400
300
400
400
300
400
400
300
400
400
300
400
400
300
400
400
300
400
400
300
400
400
300
400
400
300
400
400
300
400
400
300
400
400
300
400
400
300
400
400
300
400
400
300
400
400
300
400
400
300
400
400
300
400
400
300
400
400
300
400
400
300
400
400
300
400
400
300
400
400
300
400
400
300
400
400
300
400
400
300
400
400
300
400
400
300
400
400
300
400
400
300
400
400
300
400
400
300
400
400
300
400
400
300
400
400
300
400
400
300
400
400
300
400
400
300
400
400
300
400
400
300
400
400
300
400
400
300
400
400
300
400
400
300
400
400
300
400
400
300
400
400
300
400
400
300
400
400
300
400
400
300
400
400
300
400
400
300
400
400
300
400
400
300
400
400
300
400
400
300
400
400
300
400
400
300
400
400
300
400
400
300
400
400
300
400
400
300
400
400
300
400
400
300
400
400
300
400
400
300
400
400
300
400
400
300
400
400
295
400
400
290
400
400
285
400
400
280
400
400
275
400
400
270
400
400
265
400
400
260
400
400
255
400
400
250
400
400
245
400
400
240
400
400
235
400
400
230
400
400
225
400
400
220
400
400
215
400
400
210
400
400
205
400
400
200
400
400
